5
1000
20
630
945
153
694
677
440
552
349
378
126
891
322
646
481
448
987
668
40
-77
743
125
863
304
9
266
292
241
753
356
274
83
23
986
941
539
23
163
112
995
483
871
124
612
500
8
689
830
531
238
512
950
941
280
31
567
374
627
952
619
197
481
246
751
466
956
853
474
172
241
652
376
15
445
174
208
577
347
131
263
588
92
75
864
888
184
413
161
832
767
567
659
140
301
249
83
573
213
759
251
471
991
672
586
827
516
511
792
540
96
824
4
480
834
589
398
223
426
22
871
664
446
655
886
233
507
58
2
93
408
659
904
-555
544
910
5
882
384
493
800
842
810
336
175
619
441
954
866
168
865
55
39
707
861
379
799
777
284
477
17
250
271
513
503
727
828
169
959
991
646
456
596
581
227
547
521
93
979
761
231
515
1
470
646
753
671
20
95
523
998
712
613
955
948
522
700
579
571
511
414
839
845
807
335
925
574
651
424
500
569
207
281
866
598
795
632
195
276
702
157
726
129
9
887
263
588
672
519
847
542
700
929
250
372
379
-61
790
129
412
169
30
602
260
39
124
557
200
475
919
349
364
783
445
455
526
437
81
193
513
405
532
52
892
855
711
623
24
70
766
32
668
451
796
209
64
442
228
34
816
14
455
608
983
167
95
489
470
498
126
697
199
512
262
699
582
789
140
398
463
511
295
338
87
144
422
970
602
250
147
817
296
525
367
850
51
130
250
163
470
333
135
320
771
251
906
365
789
268
910
558
388
249
95
337
171
307
871
884
610
223
117
945
640
44
901
226
293
604
693
759
213
867
317
145
699
85
439
464
506
-722
116
929
804
965
840
104
509
454
528
585
735
535
131
582
255
948
883
772
648
360
719
98
322
577
70
972
660
568
56
439
388
677
98
449
637
515
84
312
287
60
538
806
947
447
676
138
278
774
859
184
487
992
687
973
482
629
930
398
581
642
535
509
695
202
209
578
572
539
441
295
39
327
385
97
200
219
727
638
142
295
495
847
88
148
821
833
825
265
786
165
-922
184
854
666
486
608
838
950
160
314
6
352
652
198
725
789
344
288
979
352
392
851
220
118
360
9
260
719
558
442
333
747
214
792
53
921
59
403
680
274
162
859
41
310
623
616
471
209
285
681
345
659
753
916
125
847
817
26
364
445
843
719
785
192
840
838
349
803
645
487
255
487
152
298
891
332
560
39
124
150
396
684
688
174
448
929
101
162
801
894
263
38
926
395
826
214
80
756
500
104
351
606
679
162
358
461
170
977
-941
204
358
581
182
763
815
116
763
367
245
491
956
791
659
418
518
895
826
533
388
586
419
880
349
50
686
156
770
740
181
512
118
137
850
618
184
735
711
936
870
71
497
847
952
853
877
336
424
412
294
463
934
771
40
692
323
603
897
516
482
199
598
466
571
415
368
737
145
180
36
183
887
821
539
350
457
910
169
555
424
788
587
757
389
201
430
107
159
745
342
633
293
930
388
445
411
684
98
240
421
117
857
628
202
158
939
10
363
466
264
288
402
660
867
697
959
501
154
446
886
103
229
643
554
655
992
190
140
414
231
973
643
919
640
640
35
467
550
755
257
928
170
879
726
840
312
432
673
585
890
779
871
146
964
81
271
588
749
885
650
920
796
287
622
483
491
802
260
293
151
703
147
91
226
742
877
956
572
573
919
439
293
170
260
142
423
786
447
539
574
716
482
618
740
261
518
650
643
786
469
923
345
701
435
870
405
541
332
342
477
29
231
173
109
180
671
353
473
53
688
269
883
686
329
541
265
161
247
872
194
476
291
208
705
94
139
275
863
629
691
170
994
103
321
313
538
610
136
486
741
36
44
99
774
667
793
101
408
158
142
132
101
338
958
639
166
757
370
651
741
728
57
844
437
828
372
342
850
497
293
397
635
402
115
767
447
716
387
100
874
298
866
113
415
44
124
671
677
375
51
153
222
868
666
634
926
563
567
497
250
363
829
37
613
233
393
529
888
631
791
997
123
710
572
618
772
342
934
302
88
968
895
481
826
567
770
564
91
828
880
812
991
715
172
654
709
183
867
523
791
762
358
416
-42
78
313
235
131
181
335
892
305
671
626
861
964
270
761
548
34
398
111
412
736
785
434
241
296
877
865
370
737
67
868
912
804
356
706
261
765
78
651
245
676
763
454
274
742
30
556
785
532
646
170
57
176
534
603
242
111
565
159
33
617
430
531
981
161
731
840
868
499
747
395
928
644
944
798
940
10
447
226
386
503
129
616
935
894
894
985
42
