5
1000
-1000
-998
-997
-991
-991
-988
-988
-985
-983
-981
-977
-977
-975
-975
-974
-974
-974
-973
-969
-969
-965
-962
-962
-959
-958
-957
-951
-950
-949
-946
-945
-945
-945
-941
-938
-934
-932
-929
-926
-925
-925
-920
-920
-917
-917
-916
-914
-913
-909
-909
-904
-903
-903
-903
-902
-897
-897
-894
-893
-893
-887
-887
-884
-882
-882
-881
-881
-879
-877
-874
-869
-867
-865
-860
-860
-858
-858
-856
-852
-850
-850
-849
-844
-843
-843
-842
-840
-840
-834
-832
-830
-830
-829
-826
-824
-823
-819
-816
-816
-814
-814
-810
-810
-806
-803
-802
-797
-793
-791
-791
-789
-789
-786
-786
-786
-776
-776
-774
-774
-771
-771
-770
-768
-766
-765
-763
-761
-760
-759
-758
-755
-752
-752
-744
-744
-744
-744
-744
-741
-741
-739
-736
-734
-731
-731
-729
-728
-727
-727
-723
-719
-718
-717
-717
-715
-714
-713
-713
-705
-705
-701
-700
-698
-697
-696
-691
-691
-690
-689
-689
-687
-686
-680
-680
-676
-669
-664
-661
-657
-657
-651
-651
-649
-648
-647
-646
-644
-642
-639
-638
-636
-633
-630
-629
-629
-626
-625
-625
-624
-623
-623
-621
-619
-619
-617
-616
-615
-615
-613
-610
-607
-600
-600
-597
-597
-596
-595
-592
-591
-589
-588
-587
-586
-584
-583
-583
-582
-581
-579
-575
-572
-566
-566
-565
-565
-563
-561
-557
-557
-556
-554
-554
-554
-550
-548
-547
-546
-546
-544
-540
-540
-538
-536
-535
-535
-534
-532
-528
-527
-527
-526
-526
-525
-523
-519
-517
-512
-510
-509
-509
-508
-506
-503
-500
-500
-498
-497
-494
-493
-490
-489
-489
-486
-483
-483
-483
-481
-473
-470
-469
-469
-467
-464
-462
-460
-448
-447
-446
-445
-444
-442
-439
-439
-438
-438
-436
-435
-434
-431
-430
-428
-428
-428
-428
-425
-425
-421
-420
-419
-418
-415
-414
-413
-412
-410
-409
-398
-397
-394
-392
-391
-388
-387
-386
-385
-384
-382
-377
-375
-374
-373
-370
-364
-362
-362
-357
-355
-350
-346
-343
-342
-337
-336
-334
-330
-324
-323
-320
-317
-317
-308
-303
-303
-302
-302
-291
-286
-283
-283
-282
-280
-275
-274
-273
-271
-269
-268
-267
-265
-262
-261
-260
-255
-251
-251
-249
-249
-246
-246
-243
-242
-242
-240
-239
-239
-238
-237
-233
-231
-230
-229
-226
-226
-223
-222
-221
-221
-219
-217
-212
-211
-208
-206
-204
-203
-201
-200
-198
-197
-197
-193
-192
-186
-186
-185
-183
-182
-181
-180
-179
-179
-178
-177
-174
-174
-168
-167
-164
-164
-163
-156
-156
-155
-154
-152
-148
-145
-140
-140
-139
-137
-137
-137
-136
-136
-135
-135
-134
-131
-130
-128
-124
-120
-119
-118
-116
-112
-108
-105
-101
-101
-100
-93
-91
-90
-87
-83
-81
-81
-80
-80
-80
-77
-75
-74
-74
-69
-68
-67
-56
-50
-46
-45
-42
-37
-34
-33
-30
-28
-21
-18
-18
-14
-13
-11
-9
-8
-8
-8
-8
-7
-3
-2
-1
1
4
4
6
7
11
15
22
23
26
27
33
33
39
41
41
41
42
43
44
47
47
49
49
54
55
57
57
58
61
61
61
65
70
71
72
73
73
77
83
85
86
90
90
93
94
94
97
100
100
101
102
104
119
119
121
122
124
126
129
129
132
132
133
134
135
138
139
139
144
144
144
148
150
153
156
162
164
167
168
170
172
174
174
174
175
177
181
182
183
184
192
195
195
195
196
199
206
207
207
207
210
217
217
223
227
229
230
232
233
235
236
240
243
245
252
253
253
257
258
262
266
267
267
268
269
270
273
273
277
278
280
281
282
284
285
285
286
287
288
288
289
291
300
301
303
304
307
308
309
311
313
314
318
319
321
321
321
322
326
330
330
333
335
340
342
343
345
348
348
350
353
353
355
356
359
361
362
362
363
370
374
374
376
380
382
384
388
391
393
393
395
395
396
401
402
403
407
411
413
417
419
421
421
422
425
426
428
430
432
433
437
439
445
446
446
447
447
449
449
454
456
456
456
459
461
464
473
474
478
481
482
482
490
493
494
494
501
503
503
504
505
507
508
509
509
515
520
527
529
529
531
533
533
535
535
538
543
543
545
547
548
556
559
561
561
563
568
569
570
572
573
574
574
578
581
585
588
592
595
601
603
604
604
606
610
612
614
614
617
619
621
623
625
630
630
634
635
641
642
645
646
647
651
651
653
657
657
658
661
663
663
673
673
674
674
677
677
678
681
681
683
684
684
686
686
694
697
697
700
703
704
705
707
708
713
713
714
715
716
718
718
718
719
719
723
726
731
732
732
738
741
741
748
748
751
754
757
758
763
763
764
767
767
771
779
781
782
784
785
785
788
791
794
795
798
798
799
800
801
802
802
804
812
817
820
826
826
827
828
828
831
837
838
839
843
843
845
845
848
851
855
858
859
861
866
867
867
868
869
869
869
870
870
870
870
874
877
880
882
883
883
883
885
885
888
893
895
895
897
905
907
907
908
908
913
914
914
915
916
919
923
925
926
927
927
931
932
933
936
937
939
940
943
944
951
952
953
954
955
957
959
960
961
962
963
963
966
967
968
969
971
972
972
972
972
976
983
985
988
990
993
994
995
999
1000
